1.000000 0.000000 0 0
0.633530 0.366470 3 197
0.982898 0.017102 197 250
0.452702 0.547298 197 250
0.923249 0.076751 250 200
0.398145 0.601855 250 200
0.924302 0.075698 200 293
0.611216 0.388784 200 293
0.298131 0.701869 200 293
0.980461 0.019539 293 284
0.571391 0.428609 293 284
0.162322 0.837678 293 284
0.605403 0.394597 284 285
0.981983 0.018017 285 224
0.740354 0.259646 285 224
0.498725 0.501275 285 224
0.257096 0.742904 285 224
0.015466 0.984534 285 224
0.898298 0.101702 224 355
0.789641 0.210359 224 355
0.680985 0.319015 224 355
0.572328 0.427672 224 355
0.463671 0.536329 224 355
0.355014 0.644986 224 355
0.246357 0.753643 224 355
0.137701 0.862299 224 355
0.029044 0.970956 224 355
0.849430 0.150570 355 371
0.643929 0.356071 355 371
0.438429 0.561571 355 371
0.232929 0.767071 355 371
0.027429 0.972571 355 371
0.483686 0.516314 371 372
0.942276 0.057724 372 364
0.635615 0.364385 372 364
0.328954 0.671046 372 364
0.022293 0.977707 372 364
0.751153 0.248847 364 373
0.482798 0.517202 364 373
0.214442 0.785558 364 373
0.924294 0.075706 373 374
0.547469 0.452531 373 374
0.170644 0.829356 373 374
0.916429 0.083571 374 378
0.763691 0.236309 374 378
0.610953 0.389047 374 378
0.458214 0.541786 374 378
0.305476 0.694524 374 378
0.152738 0.847262 374 378
1.000000 0.000000 378 0
